PFA,Loss,COV
1e-20,0.0,1e-08
0.1,0.0,1e-08
0.15000000000000002,0.0,1e-08
0.2,0.0,1e-08
0.25,0.0,1e-08
0.3,0.0,1e-08
0.35000000000000003,0.0,1e-08
0.4,0.0,1e-08
0.45,0.0,1e-08
0.5,0.0,1e-08
0.55,0.0,1e-08
0.6000000000000001,0.0,1e-08
0.6500000000000001,0.0,1e-08
0.7000000000000001,0.0,1e-08
0.7500000000000001,0.0,1e-08
0.8,0.0,1e-08
0.8500000000000001,0.0,1e-08
0.9000000000000001,0.0,1e-08
0.9500000000000001,0.0,1e-08
1.0,0.0,1e-08
1.05,0.18442253291257307,0.8984222757425941
1.1,0.20045927490497073,0.9312947197926782
1.1500000000000001,0.21247514281181096,0.9932580286304566
1.2000000000000002,0.22404684439524655,1.095889909107772
1.2500000000000002,0.23020283378980153,1.2121624579694432
1.3,0.23939785592344062,1.3306565327778126
1.35,0.24683958993837735,1.39542612410687
1.4000000000000001,0.2542969087365914,1.4137960409388979
1.4500000000000002,0.26450494178325856,1.4193604171576713
1.5000000000000002,0.2794819185127961,1.1126396401420098
1.55,0.3034733936363434,1.04129131378146
1.6,0.3396080123968293,0.9531033454178327
1.6500000000000001,0.3756893831477842,0.8868959533176156
1.7000000000000002,0.41079215938211533,0.8242950340259719
1.7500000000000002,0.4405285752412774,0.7796632851708482
1.8,0.4653934475943263,0.7531167726401081
1.85,0.4981500645794457,0.7092632437921457
1.9000000000000001,0.5272572448137847,0.6813044204721841
1.9500000000000002,0.56268795086291,0.6397287537838178
2.0,0.5970699308706634,0.6108944249524542
2.05,0.6370899226843231,0.5752581298589399
2.1,0.6624950675243203,0.5514901875578921
2.15,0.6917570133148162,0.529834428610676
2.1999999999999997,0.7145069007039344,0.5086335424048393
2.25,0.731500375225303,0.49088557553118073
2.3,0.7436684112244206,0.4757764241994348
2.35,0.7666243640813171,0.4468035059791552
2.4,0.7765304419519853,0.43500460210855174
2.45,0.7864689881211483,0.424933542980805
2.5,0.7972263847783422,0.41170628321421715
2.55,0.8073677495854339,0.3979541500679231
2.6,0.8136914918555438,0.3911817568045678
2.65,0.8231902008077681,0.3737723705374292
2.7,0.8313068425207435,0.36367501816798486
2.75,0.840108132421306,0.3563515070565659
2.8,0.8439300840647539,0.34468387081881524
2.85,0.8504585930707024,0.33835178489528955
2.9,0.8545030607864991,0.3277842881609114
2.95,0.864508058739914,0.31587471297089853
3.0,0.8657310313165397,0.306632076393964
3.05,0.8700943377235523,0.29793920553587905
3.1,0.876640596066011,0.2846879197547447
3.15,0.8815071610996883,0.2769801793360142
3.2,0.8854384226814009,0.27089477926255345
3.25,0.8896852761244799,0.262735041113081
3.3,0.8934979201890262,0.2549950712996046
3.35,0.8990919915643031,0.2466613364881057
3.4,0.8994021720425871,0.24342761976732427
3.45,0.9019331841378941,0.236084345112943
3.5,0.9073605849142328,0.2350067308268051
3.55,0.9101647636275401,0.2300000808587773
3.6,0.9127659072475952,0.2247330786584105
3.65,0.9170963124454667,0.22264930957531287
3.7,0.9195004817213219,0.22046514211891158
3.75,0.9243650986570895,0.22015736924260726
3.8,0.9238300210979002,0.21747916234184017
3.85,0.9309985884948366,0.21318912876484025
3.9,0.9340958477158877,0.2110454298665181
3.95,0.9365110562132309,0.21298230310829858
4.0,0.9370656147515168,0.20761441588527602
4.05,0.9397167595512536,0.20706026573522884
4.1,0.9423564322188553,0.20991232970352683
4.15,0.946434450509763,0.2066731039807667
4.2,0.9509973287248552,0.2053137177068689
4.25,0.9522341544421716,0.20762714646103012
4.3,0.9535701166975585,0.20632220439053062
4.35,0.9567420530051466,0.20460671432230074
4.4,0.9599204829724337,0.20786306082357248
4.45,0.962820984304608,0.20693311883111282
4.5,0.9649223325831713,0.2057947667881904
4.55,0.9724400424165851,0.20576749105800754
4.6,0.9734121432735101,0.20820974957405486
4.65,0.9777940648383263,0.20844924691773978
4.7,0.9818171034771166,0.21209062481260554
4.75,0.9820067183403246,0.2111367309386161
4.8,0.9852386127724657,0.21406463306526471
4.8500000000000005,0.987108570310425,0.21709863531925502
4.9,0.9938896826786605,0.21623451377736425
4.95,0.9962522925324429,0.22083743259482655
5.0,1.0,0.2252091194359347
