PFA,Loss,COV
1e-20,0.0,1e-08
0.1,0.0,1e-08
0.15000000000000002,0.0,1e-08
0.2,0.0,1e-08
0.25,0.0,1e-08
0.3,0.0,1e-08
0.35000000000000003,0.0,1e-08
0.4,0.0,1e-08
0.45,0.0,1e-08
0.5,0.0,1e-08
0.55,0.0,1e-08
0.6000000000000001,0.0,1e-08
0.6500000000000001,0.03441208564174966,1.7404366347177849
0.7000000000000001,0.051783042611067386,1.30671974522293
0.7500000000000001,0.06569538341165229,1.2904065267415101
0.8,0.07601167958646861,2.954334960525522
0.8500000000000001,0.08206311264460908,3.3133370548174614
0.9000000000000001,0.0926451038363612,3.162460443037974
0.9500000000000001,0.09998378344206978,3.113528818839916
1.0,0.10989237519434673,2.807021551544458
1.05,0.13258181345094766,2.390451247322231
1.1,0.21292248943404213,1.5516549053356283
1.1500000000000001,0.2823834125684737,1.171283681845465
1.2000000000000002,0.355275466180231,0.9859970859390111
1.2500000000000002,0.43622998927141843,0.8161928864712736
1.3,0.5050404177092142,0.7408161962121763
1.35,0.5226770696954677,0.7406205893179548
1.4000000000000001,0.5597186198151678,0.7030444248019381
1.4500000000000002,0.5783355947949428,0.7017282174767127
1.5000000000000002,0.5869083819448325,0.6919644019563002
1.55,0.6089990902236144,0.6847230327278798
1.6,0.6338337866945432,0.6415331555401371
1.6500000000000001,0.6565090240105839,0.5814243937565983
1.7000000000000002,0.6738703609879091,0.5342622982023454
1.7500000000000002,0.6799731006700095,0.5264726513288647
1.8,0.6999597792715743,0.5077164884357124
1.85,0.7117754199126504,0.4924981448384031
1.9000000000000001,0.7317295737793833,0.45517375223184664
1.9500000000000002,0.7508898492593062,0.4286770402853173
2.0,0.7651833249807372,0.3805084652410259
2.05,0.7803384771277818,0.3698362434199441
2.1,0.7856532936562107,0.3699588057456218
2.15,0.8145558724553975,0.32443495386747256
2.1999999999999997,0.8274278798362219,0.32621546341925234
2.25,0.8412678416494346,0.31524177366210543
2.3,0.8537779540933983,0.30424119440399433
2.35,0.866942225992852,0.29851264072031886
2.4,0.8694557924720357,0.28647196864880686
2.45,0.8835156398165055,0.2864260730429301
2.5,0.8920966726738171,0.28312142408927576
2.55,0.9022792051504521,0.26342792620354843
2.6,0.9146821233979278,0.2577995491581397
2.65,0.9092014765313425,0.26492185142171903
2.7,0.9124127214774107,0.26078825960020174
2.75,0.9191228949396092,0.24765662730767443
2.8,0.9258706321800644,0.24760519965781558
2.85,0.930306822773178,0.23936945574121155
2.9,0.9391700420622696,0.22965868600819925
2.95,0.9391283554303022,0.2304827435497451
3.0,0.9407605474050299,0.22122353658411864
3.05,0.9499375616710202,0.21690471482926402
3.1,0.9499549692755779,0.21098090955910867
3.15,0.9525239652324327,0.20779537117013483
3.2,0.9533297540855189,0.1972004468844227
3.25,0.9574988753771266,0.20199849199301861
3.3,0.9594141699733478,0.19710855408127656
3.35,0.9649552853610289,0.19465444517394878
3.4,0.9608640401950751,0.18463215165323646
3.45,0.9698921736326097,0.18169389249160464
3.5,0.9724607114946077,0.17514058780773087
3.55,0.9649424587050391,0.1807402209905408
3.6,0.9733924764333102,0.16931486193750114
3.65,0.9763984948835384,0.16983299029338467
3.7,0.9685210957262498,0.1648849584980302
3.75,0.9752802853381244,0.1694416324720806
3.8,0.9798497815345625,0.1676730122531109
3.85,0.9774883025478317,0.16382144256382464
3.9,0.9829478770510052,0.1629989048016293
3.95,0.9785158093116024,0.16161640032677066
4.0,0.9829185589801708,0.16172282172528252
4.05,0.9813738631230889,0.15987049396581426
4.1,0.9845727395080246,0.1582365977023901
4.15,0.9884573838935681,0.15574359856091277
4.2,0.9863249523352302,0.15532925054177651
4.25,0.9889411320623338,0.15856847258192355
4.3,0.9909297218356411,0.15788192611344362
4.35,0.989026337705696,0.153694911391807
4.4,0.9879676804916642,0.15237228565281571
4.45,0.9908596333225527,0.15804706516548075
4.5,0.9878087215763593,0.15181161050130754
4.55,0.992672772765711,0.15293710679343744
4.6,0.9899690969209612,0.14998106944888534
4.65,0.9884317305815881,0.14987392599808774
4.7,0.9929732829917625,0.14834414783068023
4.75,0.9947813833914961,0.14979551124950627
4.8,0.9984076622778124,0.14852868439140013
4.8500000000000005,0.9941950219748101,0.14701665497847738
4.9,0.9959504414660133,0.14905369267664906
4.95,1.0,0.15077772596215935
5.0,0.9956893273976454,0.14951577699830312
